26630,60257,20160102,5189,20160102,5201,102989439,29998494,0,1207959552,0,0,0,510001,0,0,0
26630,60257,20160102,5489,20160102,5500,102989439,29998494,0,1207959552,0,0,0,510001,0,0,0
26630,60257,20160102,5789,20160102,5801,102989439,29998494,0,1207959552,0,0,0,510001,0,0,0
26630,60257,20160102,6089,20160102,6099,102989439,29998494,0,1207959552,0,0,0,510001,0,0,0
26630,60257,20160102,6389,20160102,6402,102989439,29998494,0,1207959552,0,0,0,510001,0,0,0
26630,60257,20160102,6689,20160102,6700,102989439,29998494,0,1207959552,0,0,0,510001,0,0,0
26630,60257,20160102,6989,20160102,7002,102989439,29998494,0,1207959552,0,0,0,510001,0,0,0
26630,60257,20160102,7289,20160102,7300,102989439,29998494,0,1207959552,0,0,0,510001,0,0,0
26630,60257,20160102,7589,20160102,7602,102989439,29998494,0,1207959552,0,0,0,510001,0,0,0
26630,60257,20160102,7889,20160102,7899,102989439,29998494,0,1207959552,0,0,0,510001,0,0,0
26630,60257,20160102,8189,20160102,8201,102989444,29998551,0,1207959552,38,0,0,510001,0,0,0
26630,60257,20160102,8489,20160102,8499,102989444,29998551,0,1207959552,38,0,0,510001,0,0,0
26630,60257,20160102,8789,20160102,8801,102989444,29998551,0,1207959552,38,0,0,510001,0,0,0
26630,60257,20160102,9089,20160102,9100,102989444,29998551,0,1207959552,38,0,0,510001,0,0,0
26630,60257,20160102,9389,20160102,9401,102989444,29998551,0,1207959552,38,0,0,510001,0,0,0
26630,60257,20160102,9689,20160102,9700,102989444,29998551,0,1207959552,38,0,0,510001,0,0,0
26630,60257,20160102,9989,20160102,10001,102989444,29998551,0,1207959552,38,0,0,510001,0,0,0
26630,60257,20160102,10289,20160102,10299,102989444,29998551,0,1207959552,38,0,0,510001,0,0,0
26630,60257,20160102,10589,20160102,10602,102989444,29998551,0,1207959552,38,0,0,510001,0,0,0
26630,60257,20160102,10889,20160102,10899,102989444,29998551,0,1207959552,38,0,0,510001,0,0,0
26630,60257,20160102,11189,20160102,11202,102989444,29998551,0,1207959552,38,0,0,510001,0,0,0
26630,60257,20160102,11489,20160102,11500,102989444,29998551,0,1207959552,38,0,0,510001,0,0,0
26630,60257,20160102,11789,20160102,11802,102989444,29998551,0,1207959552,38,0,0,510001,0,0,0
26630,60257,20160102,12089,20160102,12099,102989444,29998551,0,1207959552,38,0,0,510001,0,0,0
26630,60257,20160102,12389,20160102,12401,102989444,29998551,0,1207959552,38,0,0,510001,0,0,0
26630,60257,20160102,12689,20160102,12699,102989444,29998551,0,1207959552,38,0,0,510001,0,0,0
26630,60257,20160102,12989,20160102,13001,102989444,29998551,0,1207959552,38,0,0,510001,0,0,0
26630,60257,20160102,13289,20160102,13299,102989444,29998551,0,1207959552,38,0,0,510001,0,0,0
26630,60257,20160102,13589,20160102,13601,102989444,29998551,0,1207959552,38,0,0,510001,0,0,0
26630,60257,20160102,13889,20160102,13900,102989444,29998551,0,1207959552,38,0,0,510001,0,0,0
26630,60257,20160102,14189,20160102,14202,102989444,29998551,0,1207959552,38,0,0,510001,0,0,0
26630,60257,20160102,14489,20160102,14499,102989444,29998551,0,1207959552,38,0,0,510001,0,0,0
26630,60257,20160102,14789,20160102,14803,102989444,29998551,0,1207959552,38,0,0,510001,0,0,0
26630,60257,20160102,15089,20160102,15099,102989444,29998551,0,1207959552,38,0,0,510001,0,0,0
26630,60257,20160102,15389,20160102,15402,102989444,29998551,0,1207959552,38,0,0,510001,0,0,0
26630,60257,20160102,15689,20160102,15700,102989444,29998551,0,1207959552,38,0,0,510001,0,0,0
26630,60257,20160102,26789,20160102,26802,102989464,29998506,0,1509949440,38,0,0,510001,0,0,0
26630,60257,20160102,27089,20160102,27099,102989464,29998506,0,1509949440,38,0,0,510001,0,0,0
26630,60257,20160102,27389,20160102,27401,102989464,29998506,0,1509949440,38,0,0,510001,0,0,0
26630,60257,20160102,27689,20160102,27700,102989464,29998506,0,1509949440,38,0,0,510001,0,0,0
26630,60257,20160102,27989,20160102,28001,102989464,29998506,0,1509949440,38,0,0,510001,0,0,0
26630,60257,20160102,28289,20160102,28299,102989464,29998506,0,1509949440,38,0,0,510001,0,0,0
26630,60257,20160102,28589,20160102,28602,102989464,29998506,0,1509949440,38,0,0,510001,0,0,0
26630,60257,20160102,28889,20160102,28899,102989464,29998506,0,1509949440,38,0,0,510001,0,0,0
26630,60257,20160102,29189,20160102,29202,102989464,29998506,0,1509949440,38,0,0,510001,0,0,0
26630,60257,20160102,29489,20160102,29500,102989464,29998506,0,1509949440,38,0,0,510001,0,0,0
26630,60257,20160102,29789,20160102,29802,102989464,29998506,0,1509949440,38,0,0,510001,0,0,0
26630,60257,20160102,30089,20160102,30099,102989464,29998506,0,1509949440,38,0,0,510001,0,0,0
26630,60257,20160102,30389,20160102,30402,102989513,29998504,0,1509949440,38,0,0,510001,0,0,0
26630,60257,20160102,30689,20160102,30699,102989513,29998504,0,1509949440,38,0,0,510001,0,0,0
26630,60257,20160102,30989,20160102,31002,102989513,29998504,0,1509949440,38,0,0,510001,0,0,0
26630,60257,20160102,31289,20160102,31299,102989513,29998504,0,1509949440,38,0,0,510001,0,0,0
26630,60257,20160102,31589,20160102,31601,102989513,29998504,0,1509949440,38,0,0,510001,0,0,0
26630,60257,20160102,31889,20160102,31899,102989513,29998504,0,1509949440,38,0,0,510001,0,0,0
26630,60257,20160102,32189,20160102,32201,102989513,29998504,0,1509949440,38,0,0,510001,0,0,0
26630,60257,20160102,32489,20160102,32499,102989513,29998504,0,1509949440,38,0,0,510001,0,0,0
26630,60257,20160102,32789,20160102,32801,102989513,29998504,0,1509949440,38,0,0,510001,0,0,0
26630,60257,20160102,33089,20160102,33100,102989513,29998504,0,1509949440,38,0,0,510001,0,0,0
26630,60257,20160102,33389,20160102,33401,102989513,29998504,0,1509949440,38,0,0,510001,0,0,0
26630,60257,20160102,33689,20160102,33699,102989513,29998504,0,1509949440,38,0,0,510001,0,0,0
26630,60257,20160102,33989,20160102,34003,102989513,29998504,0,1509949440,38,0,0,510001,0,0,0
26630,60257,20160102,34289,20160102,34299,102989513,29998504,0,1509949440,38,0,0,510001,0,0,0
26630,60257,20160102,34589,20160102,34602,102989513,29998504,0,1509949440,38,0,0,510001,0,0,0
26630,60257,20160102,34889,20160102,34899,102989513,29998504,0,1509949440,38,0,0,510001,0,0,0
26630,60257,20160102,35189,20160102,35202,102989513,29998504,0,1509949440,38,0,0,510001,0,0,0
26630,60257,20160102,35489,20160102,35500,102989513,29998504,0,1509949440,38,0,0,510001,0,0,0
26630,60257,20160102,35789,20160102,35802,102989513,29998504,0,1509949440,38,0,0,510001,0,0,0
26630,60257,20160102,36089,20160102,36099,102989513,29998504,0,1509949440,38,0,0,510001,0,0,0
26630,60257,20160102,36389,20160102,36401,102989513,29998504,0,1509949440,38,0,0,510001,0,0,0
26630,60257,20160102,36731,20160102,36740,102989626,29998696,0,1509949440,199,0,1073742080,510001,0,0,0
26630,60257,20160102,36791,20160102,36800,102989626,29998696,0,1509949440,199,0,1073742080,510001,0,0,0
26630,60257,20160102,36851,20160102,36860,102989626,29998696,0,1509949440,199,0,1073742080,510001,0,0,0
26630,60257,20160102,36911,20160102,36920,102989626,29998696,0,1509949440,199,0,1073742080,510001,0,0,0
26630,60257,20160102,36971,20160102,36980,102989626,29998696,0,1509949440,199,0,1073742080,510001,0,0,0
26630,60257,20160102,37031,20160102,37040,102989626,29998696,0,1509949440,199,0,1073742080,510001,0,0,0
26630,60257,20160102,37091,20160102,37100,102989626,29998696,0,1509949440,199,0,1073742080,510001,0,0,0
26630,60257,20160102,37151,20160102,37159,102989626,29998696,0,1509949440,199,0,1073742080,510001,0,0,0
26630,60257,20160102,37211,20160102,37218,102989626,29998696,0,1509949440,199,0,1073742080,510001,0,0,0
26630,60257,20160102,37271,20160102,37278,102989233,29997969,5,1509950440,264,0,1073742080,510001,0,0,0
26630,60257,20160102,37331,20160102,37340,102989224,29997971,0,1509949440,275,0,0,510001,0,0,0
26630,60257,20160102,37391,20160102,37400,102989224,29997971,0,1509949440,275,0,0,510001,0,0,0
26630,60257,20160102,37451,20160102,37460,102989331,29998038,8,1509953440,117,0,1073742080,510001,0,0,0
26630,60257,20160102,37511,20160102,37519,102989369,29998536,0,1509949440,259,0,0,510001,0,0,0
26630,60257,20160102,37571,20160102,37580,102989369,29998536,0,1509949440,259,0,0,510001,0,0,0
26630,60257,20160102,37631,20160102,37641,102989369,29998536,0,1509949440,259,0,0,510001,0,0,0
26630,60257,20160102,37691,20160102,37701,102989369,29998536,0,1509949440,259,0,0,510001,0,0,0
26630,60257,20160102,37751,20160102,37761,102989369,29998536,0,1509949440,259,0,0,510001,0,0,0
26630,60257,20160102,38101,20160102,38114,102989506,29998486,0,1509949440,64,0,0,510001,0,0,0
26630,60257,20160102,38401,20160102,38412,102989506,29998486,0,1509949440,64,0,0,510001,0,0,0
26630,60257,20160102,38701,20160102,38715,102989506,29998486,0,1509949440,64,0,0,510001,0,0,0
26630,60257,20160102,39001,20160102,39012,102989506,29998486,0,1509949440,64,0,0,510001,0,0,0
26630,60257,20160102,39132,20160102,39141,102987988,29998123,0,1509949440,144,0,1073742080,510001,0,0,0
26630,60257,20160102,39192,20160102,39201,102987988,29998123,0,1509949440,144,0,1073742080,510001,0,0,0
26630,60257,20160102,39252,20160102,39262,102987988,29998123,0,1509949440,144,0,1073742080,510001,0,0,0
26630,60257,20160102,39312,20160102,39322,102987988,29998123,0,1509949440,144,0,1073742080,510001,0,0,0
26630,60257,20160102,39372,20160102,39382,102987988,29998123,0,1509949440,144,0,1073742080,510001,0,0,0
26630,60257,20160102,39432,20160102,39441,102987988,29998123,0,1509949440,144,0,1073742080,510001,0,0,0
26630,60257,20160102,39492,20160102,39501,102987988,29998123,0,1509949440,144,0,1073742080,510001,0,0,0
26630,60257,20160102,39552,20160102,39561,102987988,29998123,0,1509949440,144,0,1073742080,510001,0,0,0
26630,60257,20160102,39612,20160102,39618,102987988,29998123,0,1509949440,144,0,1073742080,510001,0,0,0
26630,60257,20160102,39672,20160102,39679,102987988,29998123,0,1509949440,144,0,1073742080,510001,0,0,0
26630,60257,20160102,39732,20160102,39742,102987988,29998123,0,1509949440,144,0,1073742080,510001,0,0,0
26630,60257,20160102,39792,20160102,39801,102987988,29998123,0,1509949440,144,0,1073742080,510001,0,0,0
26630,60257,20160102,86146,20160102,86159,15933333,29998219,0,1207959552,0,0,0,510001,0,2,0
26630,60257,20160102,85846,20160102,85856,15933333,29998219,0,1207959552,0,0,0,510001,0,2,0
26630,60257,20160102,85546,20160102,85559,15933333,29998219,0,1207959552,0,0,0,510001,0,2,0
26630,60257,20160102,85246,20160102,85256,15933333,29998219,0,1207959552,0,0,0,510001,0,2,0
26630,60257,20160102,84946,20160102,84958,15933333,29998219,0,1207959552,0,0,0,510001,0,2,0
26630,60257,20160102,84646,20160102,84657,15933333,29998219,0,1207959552,0,0,0,510001,0,2,0
26630,60257,20160102,84346,20160102,84358,15933333,29998219,0,1207959552,0,0,0,510001,0,2,0
26630,60257,20160102,84046,20160102,84055,15933333,29998219,0,1207959552,0,0,0,510001,0,2,0
26630,60257,20160102,83746,20160102,83759,15933333,29998219,0,1207959552,0,0,0,510001,0,2,0
26630,60257,20160102,83446,20160102,83456,15933333,29998219,0,1207959552,0,0,0,510001,0,2,0
26630,60257,20160102,83146,20160102,83158,15933333,29998219,0,1207959552,0,0,0,510001,0,2,0
26630,60257,20160102,82846,20160102,82856,15933333,29998219,0,1207959552,0,0,0,510001,0,2,0
26630,60257,20160102,60043,20160102,60057,0,0,80,1509949440,0,0,1073742208,510001,0,2,0
26630,60257,20160102,59743,20160102,59752,0,0,83,1509949440,0,0,1073742208,510001,0,2,0
26630,60257,20160102,59563,20160102,59573,0,0,83,1509949440,0,0,1073742208,510001,0,2,0
26630,60257,20160102,59503,20160102,59510,0,0,85,1509949440,0,0,1073742208,510001,0,2,0
26630,60257,20160102,59443,20160102,59450,0,0,88,1509949440,0,0,1073742208,510001,0,2,0
26630,60257,20160102,57463,20160102,57472,0,0,88,1509949440,0,0,1073742208,510001,0,2,0
26630,60257,20160102,57403,20160102,57425,0,0,85,1509949440,0,0,1073742208,510001,0,2,0
26630,60257,20160102,43872,20160102,43879,0,0,75,1509949440,0,0,1073742208,510001,0,2,0
26630,60257,20160102,43812,20160102,43819,0,0,81,1509949440,0,0,1073742208,510001,0,2,0
26630,60257,20160102,41892,20160102,41938,0,0,84,1509949440,0,0,1073742208,510001,0,2,0
26630,60257,20160102,41832,20160102,41938,0,0,85,1509949440,0,0,1073742208,510001,0,2,0
26630,60257,20160102,41832,20160102,41938,0,0,85,1509949440,0,0,1073742208,510001,0,2,0
26630,60257,20160102,41832,20160102,41938,0,0,85,1509949440,0,0,1073742208,510001,0,2,0
26630,60257,20160102,41832,20160102,41938,0,0,85,1509949440,0,0,1073742208,510001,0,2,0
26630,60257,20160102,41772,20160102,41781,0,0,83,1509949440,0,0,1073742208,510001,0,2,0
26630,60257,20160102,41712,20160102,41721,0,0,83,1509949440,0,0,1073742208,510001,0,2,0
26630,60257,20160102,41592,20160102,41601,0,0,89,1509949440,0,0,1073742208,510001,0,2,0
26630,60257,20160102,41543,20160102,41552,0,0,89,1509949440,0,0,1073742208,510001,0,2,0
26630,60257,20160102,41232,20160102,41241,0,0,88,1509949440,0,0,1073742208,510001,0,2,0
26630,60257,20160102,39072,20160102,39136,0,0,0,1509949440,0,0,1073742208,510001,0,2,0
26630,60257,20160102,39072,20160102,54733,0,0,0,1509949440,0,0,1073742208,510001,0,2,0
26630,60257,20160102,39072,20160102,55576,0,0,0,1509949440,0,0,1073742208,510001,0,2,0
26630,60257,20160102,39072,20160103,52713,0,0,0,1509949440,0,0,1073742208,510001,0,2,0
26630,60257,20160102,39072,20160103,51018,0,0,0,1509949440,0,0,1073742208,510001,0,2,0
26630,60257,20160102,39072,20160103,48255,0,0,0,1509949440,0,0,1073742208,510001,0,2,0
26630,60257,20160102,39072,20160103,41296,0,0,0,1509949440,0,0,1073742208,510001,0,2,0
26630,60257,20160102,39072,20160104,29657,0,0,0,1509949440,0,0,1073742208,510001,0,2,0
26630,60257,20160102,39072,20160104,27077,0,0,0,1509949440,0,0,1073742208,510001,0,2,0
26630,60257,20160102,36671,20160104,29657,0,0,0,1509949440,0,0,1073742208,510001,0,2,0
26630,60257,20160102,36671,20160104,27076,0,0,0,1509949440,0,0,1073742208,510001,0,2,0
26630,60257,20160102,36671,20160103,41296,0,0,0,1509949440,0,0,1073742208,510001,0,2,0
26630,60257,20160102,36671,20160103,48255,0,0,0,1509949440,0,0,1073742208,510001,0,2,0
26630,60257,20160102,36671,20160103,51018,0,0,0,1509949440,0,0,1073742208,510001,0,2,0
26630,60257,20160102,36671,20160103,52712,0,0,0,1509949440,0,0,1073742208,510001,0,2,0
26630,60257,20160102,36671,20160102,55576,0,0,0,1509949440,0,0,1073742208,510001,0,2,0
26630,60257,20160102,36671,20160102,54733,0,0,0,1509949440,0,0,1073742208,510001,0,2,0
26630,60257,20160102,36671,20160102,39135,0,0,0,1509949440,0,0,1073742208,510001,0,2,0
26630,60257,20160102,36671,20160102,36736,0,0,0,1509949440,0,0,1073742208,510001,0,2,0
26630,60257,20160102,26489,20160102,26500,15933333,29998536,0,1509949440,0,0,0,510001,0,2,0
26630,60257,20160102,26189,20160102,26202,15933333,29998536,0,1509949440,0,0,0,510001,0,2,0
26630,60257,20160102,25889,20160102,25899,15933333,29998536,0,1509949440,0,0,0,510001,0,2,0
26630,60257,20160102,25589,20160102,25601,15933333,29998536,0,1509949440,0,0,0,510001,0,2,0
26630,60257,20160102,25289,20160102,25299,15933333,29998536,0,1509949440,0,0,0,510001,0,2,0
26630,60257,20160102,24989,20160102,25002,15933333,29998536,0,1509949440,0,0,0,510001,0,2,0
26630,60257,20160102,24689,20160102,24700,15933333,29998536,0,1509949440,0,0,0,510001,0,2,0
26630,60257,20160102,24389,20160102,24402,15933333,29998536,0,1509949440,0,0,0,510001,0,2,0
26630,60257,20160102,24089,20160102,24099,15933333,29998536,0,1509949440,0,0,0,510001,0,2,0
26630,60257,20160102,23789,20160102,23801,15933333,29998536,0,1509949440,0,0,0,510001,0,2,0
26630,60257,20160102,23489,20160102,23499,15933333,29998536,0,1509949440,0,0,0,510001,0,2,0
26630,60257,20160102,23189,20160102,23201,15933333,29998536,0,1509949440,0,0,0,510001,0,2,0
26630,60257,20160102,22889,20160102,22900,15933333,29998536,0,1509949440,0,0,0,510001,0,2,0
26630,60257,20160102,22589,20160102,22602,15933333,29998536,0,1509949440,0,0,0,510001,0,2,0
26630,60257,20160102,22289,20160102,22300,15933333,29998536,0,1509949440,0,0,0,510001,0,2,0
26630,60257,20160102,21989,20160102,22002,15933333,29998536,0,1509949440,0,0,0,510001,0,2,0
26630,60257,20160102,21689,20160102,21699,15933333,29998536,0,1509949440,0,0,0,510001,0,2,0
26630,60257,20160102,21389,20160102,21401,15933333,29998536,0,1207959552,0,0,0,510001,0,2,0
26630,60257,20160102,21089,20160102,21100,15933333,29998536,0,1207959552,0,0,0,510001,0,2,0
26630,60257,20160102,20789,20160102,20801,15933333,29998536,0,1207959552,0,0,0,510001,0,2,0
26630,60257,20160102,20489,20160102,20500,15933333,29998536,0,1207959552,0,0,0,510001,0,2,0
26630,60257,20160102,20189,20160102,20202,15933333,29998536,0,1207959552,0,0,0,510001,0,2,0
26630,60257,20160102,19889,20160102,19900,15933333,29998536,0,1207959552,0,0,0,510001,0,2,0
26630,60257,20160102,19589,20160102,19602,15933333,29998536,0,1207959552,0,0,0,510001,0,2,0
26630,60257,20160102,19289,20160102,19299,15933333,29998536,0,1207959552,0,0,0,510001,0,2,0
26630,60257,20160102,18989,20160102,19001,15933333,29998536,0,1207959552,0,0,0,510001,0,2,0
26630,60257,20160102,18689,20160102,18699,15933333,29998536,0,1207959552,0,0,0,510001,0,2,0
26630,60257,20160102,18389,20160102,18402,15933333,29998536,0,1207959552,0,0,0,510001,0,2,0
26630,60257,20160102,18089,20160102,18100,15933333,29998536,0,1207959552,0,0,0,510001,0,2,0
26630,60257,20160102,17789,20160102,17801,15933333,29998536,0,1207959552,0,0,0,510001,0,2,0
26630,60257,20160102,17489,20160102,17499,15933333,29998536,0,1207959552,0,0,0,510001,0,2,0
26630,60257,20160102,17189,20160102,17201,15933333,29998536,0,1207959552,0,0,0,510001,0,2,0
26630,60257,20160102,16889,20160102,16899,15933333,29998536,0,1207959552,0,0,0,510001,0,2,0
26630,60257,20160102,16589,20160102,16602,15933333,29998536,0,1207959552,0,0,0,510001,0,2,0
26630,60257,20160102,16289,20160102,16300,15933333,29998536,0,1207959552,0,0,0,510001,0,2,0
26630,60257,20160102,15989,20160102,16002,15933333,29998536,0,1207959552,0,0,0,510001,0,2,0
26630,60257,20160102,89,20160102,99,15933333,29998494,0,1207959552,0,0,0,510001,0,2,0
26630,60257,20160102,389,20160102,401,102989439,29998494,0,1207959552,38,0,0,510001,0,0,0
26630,60257,20160102,689,20160102,700,102989439,29998494,0,1207959552,38,0,0,510001,0,0,0
26630,60257,20160102,989,20160102,1002,102989439,29998494,0,1207959552,38,0,0,510001,0,0,0
26630,60257,20160102,1289,20160102,1300,102989439,29998494,0,1207959552,38,0,0,510001,0,0,0
26630,60257,20160102,1589,20160102,1601,102989439,29998494,0,1207959552,38,0,0,510001,0,0,0
26630,60257,20160102,1889,20160102,1900,102989439,29998494,0,1207959552,38,0,0,510001,0,0,0
26630,60257,20160102,2189,20160102,2202,102989439,29998494,0,1207959552,0,0,0,510001,0,0,0
26630,60257,20160102,2489,20160102,2500,102989439,29998494,0,1207959552,0,0,0,510001,0,0,0
26630,60257,20160102,2789,20160102,2802,102989439,29998494,0,1207959552,0,0,0,510001,0,0,0
26630,60257,20160102,3089,20160102,3100,102989439,29998494,0,1207959552,0,0,0,510001,0,0,0
26630,60257,20160102,3389,20160102,3401,102989439,29998494,0,1207959552,0,0,0,510001,0,0,0
26630,60257,20160102,3689,20160102,3700,102989439,29998494,0,1207959552,0,0,0,510001,0,0,0
26630,60257,20160102,3989,20160102,4001,102989439,29998494,0,1207959552,0,0,0,510001,0,0,0
26630,60257,20160102,4289,20160102,4299,102989439,29998494,0,1207959552,0,0,0,510001,0,0,0
26630,60257,20160102,4589,20160102,4601,102989439,29998494,0,1207959552,0,0,0,510001,0,0,0
26630,60257,20160102,4889,20160102,4900,102989439,29998494,0,1207959552,0,0,0,510001,0,0,0
26630,60257,20160102,39852,20160102,39861,102987988,29998123,0,1509949440,144,0,1073742080,510001,0,0,0
26630,60257,20160102,39912,20160102,39921,102989953,29998738,8,1509956440,92,0,1073742080,510001,0,0,0
26630,60257,20160102,39972,20160102,39981,102989833,29997408,12,1509961440,198,0,1073742080,510001,0,0,0
26630,60257,20160102,40032,20160102,40042,102985529,29997644,44,1509993440,283,0,1073742080,510001,0,0,0
26630,60257,20160102,40092,20160102,40101,102980189,29999548,33,1509982440,295,0,1073742080,510001,0,0,0
26630,60257,20160102,40152,20160102,40161,102976501,30001283,36,1509986440,296,0,1073742080,510001,0,0,0
26630,60257,20160102,40212,20160102,40219,102974387,30001970,30,1509978440,282,0,1073742080,510001,0,0,0
26630,60257,20160102,40272,20160102,40279,102974444,30002805,0,1509949440,81,0,1073742080,510001,0,0,0
26630,60257,20160102,40332,20160102,40342,102978852,30003378,58,1510006440,57,0,1073742080,510001,0,0,0
26630,60257,20160102,40392,20160102,40401,102982024,30007120,66,1510015440,22,0,1073742080,510001,0,0,0
26630,60257,20160102,40452,20160102,40461,102986169,30015003,66,1510013440,36,0,1073742080,510001,0,0,0
26630,60257,20160102,40512,20160102,40522,102999158,30017472,85,1510034440,93,0,1073742080,510001,0,0,0
26630,60257,20160102,40572,20160102,40581,103010525,30024562,85,1510034440,30,0,1073742080,510001,0,0,0
26630,60257,20160102,40632,20160102,40641,103021572,30031864,86,1510035440,32,0,1073742080,510001,0,0,0
26630,60257,20160102,40692,20160102,40702,103032904,30034096,84,1510032440,107,0,1073742080,510001,0,0,0
26630,60257,20160102,40752,20160102,40761,103043743,30040684,83,1510030440,27,0,1073742080,510001,0,0,0
26630,60257,20160102,40812,20160102,40819,103053230,30047734,86,1510035440,62,0,1073742080,510001,0,0,0
26630,60257,20160102,40872,20160102,40879,103066215,30049594,85,1510034440,42,0,1073742080,510001,0,0,0
26630,60257,20160102,40932,20160102,40941,103079764,30053640,74,1510023440,82,0,1073742080,510001,0,0,0
26630,60257,20160102,40992,20160102,41001,103091676,30047008,88,1510035440,141,0,1073742080,510001,0,0,0
26630,60257,20160102,41052,20160102,41061,103093126,30034583,86,1510034440,176,0,1073742080,510001,0,0,0
26630,60257,20160102,41112,20160102,41121,103094428,30021827,86,1510035440,185,0,1073742080,510001,0,0,0
26630,60257,20160102,41172,20160102,41181,103097756,30009451,88,1510035440,167,0,1073742080,510001,0,0,0
26630,60257,20160102,41292,20160102,41302,103109351,29985781,80,1510030440,165,0,1073742080,510001,0,0,0
26630,60257,20160102,41352,20160102,41362,103114836,29974104,85,1510034440,150,0,1073742080,510001,0,0,0
26630,60257,20160102,41412,20160102,41419,103120874,29962725,86,1510034440,169,0,1073742080,510001,0,0,0
26630,60257,20160102,41472,20160102,41479,103129804,29953163,85,1510032440,121,0,1073742080,510001,0,0,0
26630,60257,20160102,41532,20160102,41541,103138821,29942963,91,1510036440,146,0,1073742080,510001,0,0,0
26630,60257,20160102,41535,20160102,41544,103139243,29942418,94,1510039440,146,0,1073742080,510001,0,0,0
26630,60257,20160102,41652,20160102,41662,103162830,29928887,85,1510034440,101,0,1073742080,510001,0,0,0
26630,60257,20160102,41952,20160102,41961,103203026,29879859,86,1510035440,186,0,1073742080,510001,0,0,0
26630,60257,20160102,42012,20160102,42019,103205440,29867221,88,1510035440,161,0,1073742080,510001,0,0,0
26630,60257,20160102,42072,20160102,42078,103214138,29857120,88,1510035440,121,0,1073742080,510001,0,0,0
26630,60257,20160102,42132,20160102,42142,103228062,29852686,86,1510034440,107,0,1073742080,510001,0,0,0
26630,60257,20160102,42192,20160102,42202,103240696,29846078,85,1510034440,120,0,1073742080,510001,0,0,0
26630,60257,20160102,42252,20160102,42262,103255400,29844761,86,1510035440,89,0,1073742080,510001,0,0,0
26630,60257,20160102,42312,20160102,42322,103270137,29847084,88,1510037440,80,0,1073742080,510001,0,0,0
26630,60257,20160102,42372,20160102,42382,103284479,29848231,85,1510034440,66,0,1073742080,510001,0,0,0
26630,60257,20160102,42432,20160102,42441,103296661,29855730,91,1510036440,65,0,1073742080,510001,0,0,0
26630,60257,20160102,42492,20160102,42502,103308503,29863206,88,1510037440,24,0,1073742080,510001,0,0,0
26630,60257,20160102,42552,20160102,42562,103309506,29876077,86,1510035440,1,0,1073742080,510001,0,0,0
26630,60257,20160102,42612,20160102,42619,103314890,29886663,85,1510034440,63,0,1073742080,510001,0,0,0
26630,60257,20160102,42672,20160102,42679,103328499,29883746,88,1510035440,111,0,1073742080,510001,0,0,0
26630,60257,20160102,42732,20160102,42742,103342214,29879419,88,1510035440,95,0,1073742080,510001,0,0,0
26630,60257,20160102,42742,20160102,42751,103344514,29879444,91,1510039440,83,0,1073742080,510001,0,0,0
26630,60257,20160102,42744,20160102,42753,103344514,29879444,89,1510039440,83,0,1073742080,510001,0,0,0
26630,60257,20160102,42792,20160102,42802,103356646,29882252,86,1510035440,92,0,1073742080,510001,0,0,0
26630,60257,20160102,42852,20160102,42862,103370814,29878364,88,1510037440,128,0,1073742080,510001,0,0,0
26630,60257,20160102,42912,20160102,42924,103377751,29867534,88,1510035440,177,0,1073742080,510001,0,0,0
26630,60257,20160102,42972,20160102,42982,103378874,29855341,88,1510035440,140,0,1073742080,510001,0,0,0
26630,60257,20160102,43032,20160102,43044,103385661,29843853,88,1510035440,139,0,1073742080,510001,0,0,0
26630,60257,20160102,43092,20160102,43101,103398011,29837508,86,1510034440,98,0,1073742080,510001,0,0,0
26630,60257,20160102,43152,20160102,43162,103411321,29831844,86,1510035440,107,0,1073742080,510001,0,0,0
26630,60257,20160102,43186,20160102,43193,103419512,29829649,91,1510039440,121,0,1073742080,510001,0,0,0
26630,60257,20160102,43212,20160102,43219,103424429,29826011,88,1510035440,125,0,1073742080,510001,0,0,0
26630,60257,20160102,43272,20160102,43279,103438514,29822814,88,1510035440,101,0,1073742080,510001,0,0,0
26630,60257,20160102,43317,20160102,43357,103448473,29818781,94,1510039440,126,0,1073742080,510001,0,0,0
26630,60257,20160102,43330,20160102,43357,103451126,29817079,91,1510036440,126,0,1073742080,510001,0,0,0
26630,60257,20160102,43332,20160102,43358,103451321,29816954,89,1510034440,126,0,1073742080,510001,0,0,0
26630,60257,20160102,43362,20160102,43372,103455886,29811845,94,1510039440,161,0,1073742080,510001,0,0,0
26630,60257,20160102,43380,20160102,43390,103456888,29808030,94,1510039440,168,0,1073742080,510001,0,0,0
26630,60257,20160102,43386,20160102,43395,103457193,29806741,94,1510039440,167,0,1073742080,510001,0,0,0
26630,60257,20160102,43392,20160102,43401,103457493,29805443,94,1510039440,168,0,1073742080,510001,0,0,0
26630,60257,20160102,43437,20160102,43447,103462100,29796754,94,1510039440,137,0,1073742080,510001,0,0,0
26630,60257,20160102,43452,20160102,43462,103464670,29794349,91,1510036440,140,0,1073742080,510001,0,0,0
26630,60257,20160102,43464,20160102,43474,103466436,29792253,94,1510039440,146,0,1073742080,510001,0,0,0
26630,60257,20160102,43473,20160102,43482,103467594,29790571,94,1510039440,149,0,1073742080,510001,0,0,0
26630,60257,20160102,43488,20160102,43498,103469527,29787764,91,1510036440,147,0,1073742080,510001,0,0,0
26630,60257,20160102,43494,20160102,43504,103470387,29786688,94,1510039440,142,0,1073742080,510001,0,0,0
26630,60257,20160102,43512,20160102,43521,103473682,29784138,88,1510033440,121,0,1073742080,510001,0,0,0
26630,60257,20160102,43530,20160102,43540,103477606,29782369,94,1510039440,116,0,1073742080,510001,0,0,0
26630,60257,20160102,43539,20160102,43548,103479614,29781442,94,1510039440,121,0,1073742080,510001,0,0,0
26630,60257,20160102,43568,20160102,43578,103484513,29776864,91,1510036440,145,0,1073742080,510001,0,0,0
26630,60257,20160102,43572,20160102,43582,103485073,29776159,88,1510033440,145,0,1073742080,510001,0,0,0
26630,60257,20160102,43610,20160102,43620,103490524,29769754,94,1510039440,133,0,1073742080,510001,0,0,0
26630,60257,20160102,43632,20160102,43641,103495088,29767359,92,1510037440,109,0,1073742080,510001,0,0,0
26630,60257,20160102,43634,20160102,43644,103495566,29767224,91,1510036440,107,0,1073742080,510001,0,0,0
26630,60257,20160102,43657,20160102,43667,103501276,29766586,91,1510036440,94,0,1073742080,510001,0,0,0
26630,60257,20160102,43692,20160102,43701,103509398,29764555,88,1510033440,111,0,1073742080,510001,0,0,0
26630,60257,20160102,43752,20160102,43761,103521974,29758838,85,1510030440,142,0,1073742080,510001,0,0,0
26630,60257,20160102,43932,20160102,43942,103547898,29731261,86,1510035440,166,0,1073742080,510001,0,0,0
26630,60257,20160102,43992,20160102,44001,103545768,29718904,88,1510035440,186,0,1073742080,510001,0,0,0
26630,60257,20160102,44052,20160102,44061,103547513,29706173,85,1510034440,165,0,1073742080,510001,0,0,0
26630,60257,20160102,44112,20160102,44121,103553615,29694611,80,1510033440,152,0,1073742080,510001,0,0,0
26630,60257,20160102,44172,20160102,44181,103561925,29684274,84,1510032440,135,0,1073742080,510001,0,0,0
26630,60257,20160102,44232,20160102,44243,103570446,29674146,80,1510028440,149,0,1073742080,510001,0,0,0
26630,60257,20160102,44292,20160102,44301,103576837,29663445,74,1510021440,162,0,1073742080,510001,0,0,0
26630,60257,20160102,44352,20160102,44361,103578641,29651710,88,1510033440,175,0,1073742080,510001,0,0,0
26630,60257,20160102,44370,20160102,44380,103578994,29647923,94,1510039440,175,0,1073742080,510001,0,0,0
26630,60257,20160102,44375,20160102,44385,103579096,29646831,89,1510035440,175,0,1073742080,510001,0,0,0
26630,60257,20160102,44379,20160102,44389,103579176,29645951,94,1510039440,175,0,1073742080,510001,0,0,0
26630,60257,20160102,44400,20160102,44408,103580047,29641418,91,1510036440,165,0,1073742080,510001,0,0,0
26630,60257,20160102,44405,20160102,44412,103580386,29640373,88,1510035440,163,0,1073742080,510001,0,0,0
26630,60257,20160102,44412,20160102,44419,103580922,29638959,89,1510034440,160,0,1073742080,510001,0,0,0
26630,60257,20160102,44433,20160102,44440,103582909,29634759,91,1510036440,157,0,1073742080,510001,0,0,0
26630,60257,20160102,44455,20160102,44462,103584888,29630312,88,1510035440,164,0,1073742080,510001,0,0,0
26630,60257,20160102,44472,20160102,44479,103585543,29626951,88,1510033440,176,0,1073742080,510001,0,0,0
26630,60257,20160102,44500,20160102,44507,103584876,29620871,91,1510036440,189,0,1073742080,510001,0,0,0
26630,60257,20160102,44501,20160102,44509,103584834,29620657,89,1510035440,189,0,1073742080,510001,0,0,0
26630,60257,20160102,44532,20160102,44542,103583566,29614193,86,1510032440,189,0,1073742080,510001,0,0,0
26630,60257,20160102,44591,20160102,44601,103583097,29602221,91,1510036440,170,0,1073742080,510001,0,0,0
26630,60257,20160102,44592,20160102,44602,103583141,29602006,91,1510036440,170,0,1073742080,510001,0,0,0
26630,60257,20160102,44606,20160102,44616,103583773,29599028,94,1510039440,169,0,1073742080,510001,0,0,0
26630,60257,20160102,44615,20160102,44624,103584173,29597104,91,1510036440,169,0,1073742080,510001,0,0,0
26630,60257,20160102,44620,20160102,44629,103584401,29596031,91,1510036440,169,0,1073742080,510001,0,0,0
26630,60257,20160102,44626,20160102,44635,103584673,29594736,94,1510039440,169,0,1073742080,510001,0,0,0
26630,60257,20160102,44637,20160102,44646,103585261,29592369,88,1510034440,163,0,1073742080,510001,0,0,0
26630,60257,20160102,44652,20160102,44661,103586664,29589399,88,1510034440,150,0,1073742080,510001,0,0,0
26630,60257,20160102,44712,20160102,44721,103598021,29582934,85,1510030440,100,0,1073742080,510001,0,0,0
26630,60257,20160102,44727,20160102,44736,103601618,29582359,91,1510036440,100,0,1073742080,510001,0,0,0
26630,60257,20160102,44747,20160102,44757,103606440,29581304,91,1510036440,108,0,1073742080,510001,0,0,0
26630,60257,20160102,44772,20160102,44781,103612196,29579377,85,1510032440,111,0,1073742080,510001,0,0,0
26630,60257,20160102,44832,20160102,44841,103625997,29576567,91,1510036440,96,0,1073742080,510001,0,0,0
26630,60257,20160102,44856,20160102,44865,103631826,29576024,94,1510039440,96,0,1073742080,510001,0,0,0
26630,60257,20160102,44892,20160102,44902,103640393,29574727,80,1510026440,108,0,1073742080,510001,0,0,0
26630,60257,20160102,44952,20160102,44961,103651673,29570017,77,1510026440,116,0,1073742080,510001,0,0,0
26630,60257,20160102,44994,20160102,45001,103660763,29566766,91,1510036440,103,0,1073742080,510001,0,0,0
26630,60257,20160102,45003,20160102,45010,103662968,29566373,91,1510036440,99,0,1073742080,510001,0,0,0
26630,60257,20160102,45012,20160102,45019,103665135,29566078,88,1510034440,98,0,1073742080,510001,0,0,0
26630,60257,20160102,45047,20160102,45054,103673477,29564958,91,1510036440,98,0,1073742080,510001,0,0,0
26630,60257,20160102,45072,20160102,45081,103679704,29564403,89,1510035440,92,0,1073742080,510001,0,0,0
26630,60257,20160102,45076,20160102,45083,103680702,29564385,96,1510035440,90,0,1073742080,510001,0,0,0
26630,60257,20160102,45096,20160102,45103,103685686,29564501,91,1510036440,88,0,1073742080,510001,0,0,0
26630,60257,20160102,45102,20160102,45109,103687183,29564550,94,1510039440,88,0,1073742080,510001,0,0,0
26630,60257,20160102,45108,20160102,45115,103688679,29564593,91,1510036440,88,0,1073742080,510001,0,0,0
26630,60257,20160102,45116,20160102,45123,103690681,29564648,91,1510036440,88,0,1073742080,510001,0,0,0
26630,60257,20160102,45128,20160102,45138,103693643,29564735,91,1510036440,88,0,1073742080,510001,0,0,0
26630,60257,20160102,45132,20160102,45141,103694626,29564761,91,1510036440,88,0,1073742080,510001,0,0,0
26630,60257,20160102,45192,20160102,45201,103708598,29563830,78,1510024440,103,0,1073742080,510001,0,0,0
26630,60257,20160102,45252,20160102,45262,103715496,29564521,33,1509980440,81,0,1073742080,510001,0,0,0
26630,60257,20160102,45312,20160102,45321,103717491,29565160,13,1509960440,73,0,1073742080,510001,0,0,0
26630,60257,20160102,45372,20160102,45381,103715408,29571272,63,1510010440,308,0,1073742080,510001,0,0,0
26630,60257,20160102,45432,20160102,45441,103710233,29579197,63,1510011440,317,0,1073742080,510001,0,0,0
26630,60257,20160102,45492,20160102,45502,103703893,29584834,11,1509961440,21,0,1073742080,510001,0,0,0
26630,60257,20160102,45552,20160102,45562,103708336,29587894,59,1510006440,61,0,1073742080,510001,0,0,0
26630,60257,20160102,45612,20160102,45619,103718614,29593151,70,1510017440,43,0,1073742080,510001,0,0,0
26630,60257,20160102,45672,20160102,45679,103723822,29599761,41,1509993440,28,0,1073742080,510001,0,0,0
26630,60257,20160102,45732,20160102,45741,103730134,29598271,49,1509998440,119,0,1073742080,510001,0,0,0
26630,60257,20160102,45792,20160102,45801,103736406,29595306,19,1509967440,125,0,1073742080,510001,0,0,0
26630,60257,20160102,45852,20160102,45861,103736096,29594503,0,1509949440,225,0,1073742080,510001,0,0,0
26630,60257,20160102,45912,20160102,45920,103735783,29593853,17,1509965440,87,0,1073742080,510001,0,0,0
26630,60257,20160102,45972,20160102,45981,103736159,29593759,0,1509949440,120,0,1073742080,510001,0,0,0
26630,60257,20160102,46032,20160102,46041,103736159,29593759,0,1509949440,120,0,1073742080,510001,0,0,0
26630,60257,20160102,46092,20160102,46101,103736159,29593759,2,1509949440,120,0,1073742080,510001,0,0,0
26630,60257,20160102,46152,20160102,46161,103736744,29593863,0,1509949440,29,0,1073742080,510001,0,0,0
26630,60257,20160102,46212,20160102,46219,103736744,29593863,0,1509949440,29,0,1073742080,510001,0,0,0
26630,60257,20160102,46272,20160102,46279,103736744,29593863,0,1509949440,29,0,1073742080,510001,0,0,0
26630,60257,20160102,46332,20160102,46341,103736744,29593863,0,1509949440,29,0,1073742080,510001,0,0,0
26630,60257,20160102,46392,20160102,46401,103736836,29593991,0,1509949440,27,0,1073742080,510001,0,0,0
26630,60257,20160102,46452,20160102,46461,103736836,29593991,0,1509949440,27,0,1073742080,510001,0,0,0
26630,60257,20160102,46512,20160102,46521,103736836,29593991,0,1509949440,27,0,1073742080,510001,0,0,0
26630,60257,20160102,46572,20160102,46580,103736836,29593991,0,1509949440,27,0,1073742080,510001,0,0,0
26630,60257,20160102,46632,20160102,46641,103736836,29593991,0,1509949440,27,0,1073742080,510001,0,0,0
26630,60257,20160102,46692,20160102,46701,103736836,29593991,0,1509949440,27,0,1073742080,510001,0,0,0
26630,60257,20160102,46752,20160102,46761,103736836,29593991,0,1509949440,27,0,1073742080,510001,0,0,0
26630,60257,20160102,46812,20160102,46819,103736836,29593991,0,1509949440,27,0,1073742080,510001,0,0,0
26630,60257,20160102,46872,20160102,46879,103736836,29593991,0,1509949440,27,0,1073742080,510001,0,0,0
26630,60257,20160102,46932,20160102,46941,103736836,29593991,0,1509949440,27,0,1073742080,510001,0,0,0
26630,60257,20160102,46992,20160102,47001,103736836,29593991,0,1509949440,27,0,1073742080,510001,0,0,0
26630,60257,20160102,47052,20160102,47062,103736836,29593991,0,1509949440,27,0,1073742080,510001,0,0,0
26630,60257,20160102,47112,20160102,47122,103736836,29593991,0,1509949440,27,0,1073742080,510001,0,0,0
26630,60257,20160102,47172,20160102,47182,103736836,29593991,0,1509949440,27,0,1073742080,510001,0,0,0
26630,60257,20160102,47232,20160102,47242,103736836,29593991,0,1509949440,27,0,1073742080,510001,0,0,0
26630,60257,20160102,47292,20160102,47301,103736836,29593991,0,1509949440,27,0,1073742080,510001,0,0,0
26630,60257,20160102,47352,20160102,47362,103736836,29593991,0,1509949440,27,0,1073742080,510001,0,0,0
26630,60257,20160102,47412,20160102,47419,103736836,29593991,0,1509949440,27,0,1073742080,510001,0,0,0
26630,60257,20160102,47472,20160102,47479,103736836,29593991,0,1509949440,27,0,1073742080,510001,0,0,0
26630,60257,20160102,47532,20160102,47542,103736836,29593991,0,1509949440,27,0,1073742080,510001,0,0,0
26630,60257,20160102,47592,20160102,47601,103736836,29593991,0,1509949440,27,0,1073742080,510001,0,0,0
26630,60257,20160102,47652,20160102,47662,103736836,29593991,0,1509949440,27,0,1073742080,510001,0,0,0
26630,60257,20160102,47712,20160102,47722,103736836,29593991,0,1509949440,27,0,1073742080,510001,0,0,0
26630,60257,20160102,47772,20160102,47782,103736836,29593991,0,1509949440,27,0,1073742080,510001,0,0,0
26630,60257,20160102,47832,20160102,47842,103736836,29593991,0,1509949440,27,0,1073742080,510001,0,0,0
26630,60257,20160102,47892,20160102,47901,103736836,29593991,0,1509949440,27,0,1073742080,510001,0,0,0
26630,60257,20160102,47952,20160102,47961,103736836,29593991,0,1509949440,27,0,1073742080,510001,0,0,0
26630,60257,20160102,48012,20160102,48019,103736836,29593991,0,1509949440,27,0,1073742080,510001,0,0,0
26630,60257,20160102,48072,20160102,48079,103736836,29593991,0,1509949440,27,0,1073742080,510001,0,0,0
26630,60257,20160102,48132,20160102,48142,103736836,29593991,0,1509949440,27,0,1073742080,510001,0,0,0
26630,60257,20160102,48192,20160102,48201,103736836,29593991,0,1509949440,27,0,1073742080,510001,0,0,0
26630,60257,20160102,48252,20160102,48261,103736836,29593991,0,1509949440,27,0,1073742080,510001,0,0,0
26630,60257,20160102,48312,20160102,48321,103736836,29593991,0,1509949440,27,0,1073742080,510001,0,0,0
26630,60257,20160102,48372,20160102,48382,103736836,29593991,0,1509949440,27,0,1073742080,510001,0,0,0
26630,60257,20160102,48432,20160102,48442,103736836,29593991,0,1509949440,27,0,1073742080,510001,0,0,0
26630,60257,20160102,48492,20160102,48502,103736836,29593991,0,1509949440,27,0,1073742080,510001,0,0,0
26630,60257,20160102,48552,20160102,48561,103736836,29593991,0,1509949440,27,0,1073742080,510001,0,0,0
26630,60257,20160102,48612,20160102,48619,103736836,29593991,0,1509949440,27,0,1073742080,510001,0,0,0
26630,60257,20160102,48672,20160102,48678,103736836,29593991,0,1509949440,27,0,1073742080,510001,0,0,0
26630,60257,20160102,48732,20160102,48742,103736836,29593991,0,1509949440,27,0,1073742080,510001,0,0,0
26630,60257,20160102,48792,20160102,48802,103736836,29593991,0,1509949440,27,0,1073742080,510001,0,0,0
26630,60257,20160102,48852,20160102,48861,103736836,29593991,0,1509949440,27,0,1073742080,510001,0,0,0
26630,60257,20160102,48912,20160102,48922,103736836,29593991,0,1509949440,27,0,1073742080,510001,0,0,0
26630,60257,20160102,48972,20160102,48981,103736836,29593991,0,1509949440,27,0,1073742080,510001,0,0,0
26630,60257,20160102,49032,20160102,49041,103736836,29593991,0,1509949440,27,0,1073742080,510001,0,0,0
26630,60257,20160102,49092,20160102,49102,103736836,29593991,0,1509949440,27,0,1073742080,510001,0,0,0
26630,60257,20160102,49152,20160102,49162,103736836,29593991,0,1509949440,27,0,1073742080,510001,0,0,0
26630,60257,20160102,49212,20160102,49219,103736836,29593991,0,1509949440,27,0,1073742080,510001,0,0,0
26630,60257,20160102,49272,20160102,49279,103736836,29593991,0,1509949440,27,0,1073742080,510001,0,0,0
26630,60257,20160102,49332,20160102,49341,103736836,29593991,0,1509949440,27,0,1073742080,510001,0,0,0
26630,60257,20160102,49392,20160102,49401,103736836,29593991,0,1509949440,27,0,1073742080,510001,0,0,0
26630,60257,20160102,49452,20160102,49462,103736836,29593991,0,1509949440,27,0,1073742080,510001,0,0,0
26630,60257,20160102,49512,20160102,49521,103736836,29593991,0,1509949440,27,0,1073742080,510001,0,0,0
26630,60257,20160102,49572,20160102,49581,103736836,29593991,0,1509949440,27,0,0,510001,0,0,0
26630,60257,20160102,49632,20160102,49641,103736836,29593991,0,1509949440,27,0,0,510001,0,0,0
26630,60257,20160102,49692,20160102,49701,103736836,29593991,0,1509949440,27,0,0,510001,0,0,0
26630,60257,20160102,49752,20160102,49762,103736836,29593991,0,1509949440,27,0,0,510001,0,0,0
26630,60257,20160102,49812,20160102,49819,103736836,29593991,0,1509949440,27,0,1073742080,510001,0,0,0
26630,60257,20160102,49872,20160102,49879,103736836,29593991,0,1509949440,27,0,1073742080,510001,0,0,0
26630,60257,20160102,49932,20160102,49941,103736836,29593991,0,1509949440,27,0,1073742080,510001,0,0,0
26630,60257,20160102,49992,20160102,50001,103736836,29593991,0,1509949440,27,0,1073742080,510001,0,0,0
26630,60257,20160102,50052,20160102,50061,103736836,29593991,0,1509949440,27,0,1073742080,510001,0,0,0
26630,60257,20160102,50112,20160102,50122,103736836,29593991,0,1509949440,27,0,1073742080,510001,0,0,0
26630,60257,20160102,50172,20160102,50181,103736836,29593991,0,1509949440,27,0,1073742080,510001,0,0,0
26630,60257,20160102,50232,20160102,50241,103736836,29593991,0,1509949440,27,0,1073742080,510001,0,0,0
26630,60257,20160102,50292,20160102,50301,103736836,29593991,0,1509949440,27,0,1073742080,510001,0,0,0
26630,60257,20160102,50352,20160102,50361,103736836,29593991,0,1509949440,27,0,1073742080,510001,0,0,0
26630,60257,20160102,50412,20160102,50419,103736836,29593991,0,1509949440,27,0,1073742080,510001,0,0,0
26630,60257,20160102,50472,20160102,50479,103736836,29593991,0,1509949440,27,0,1073742080,510001,0,0,0
26630,60257,20160102,50532,20160102,50541,103736836,29593991,0,1509949440,27,0,1073742080,510001,0,0,0
26630,60257,20160102,50592,20160102,50601,103736836,29593991,0,1509949440,27,0,1073742080,510001,0,0,0
26630,60257,20160102,50652,20160102,50661,103736836,29593991,0,1509949440,27,0,1073742080,510001,0,0,0
26630,60257,20160102,50712,20160102,50721,103736836,29593991,0,1509949440,27,0,1073742080,510001,0,0,0
26630,60257,20160102,50772,20160102,50782,103736836,29593991,0,1509949440,27,0,1073742080,510001,0,0,0
26630,60257,20160102,50832,20160102,50841,103736836,29593991,0,1509949440,27,0,1073742080,510001,0,0,0
26630,60257,20160102,50892,20160102,50901,103736836,29593991,0,1509949440,27,0,1073742080,510001,0,0,0
26630,60257,20160102,50952,20160102,50961,103736836,29593991,0,1509949440,27,0,1073742080,510001,0,0,0
26630,60257,20160102,51012,20160102,51019,103736836,29593991,0,1509949440,27,0,1073742080,510001,0,0,0
26630,60257,20160102,51072,20160102,51079,103736836,29593991,0,1509949440,27,0,1073742080,510001,0,0,0
26630,60257,20160102,51132,20160102,51140,103736836,29593991,0,1509949440,27,0,1073742080,510001,0,0,0
26630,60257,20160102,51192,20160102,51201,103736836,29593991,0,1509949440,27,0,1073742080,510001,0,0,0
26630,60257,20160102,51252,20160102,51261,103736836,29593991,0,1509949440,27,0,1073742080,510001,0,0,0
26630,60257,20160102,51312,20160102,51321,103736836,29593991,0,1509949440,27,0,1073742080,510001,0,0,0
26630,60257,20160102,51372,20160102,51381,103736836,29593991,0,1509949440,27,0,1073742080,510001,0,0,0
26630,60257,20160102,51432,20160102,51442,103736836,29593991,0,1509949440,27,0,1073742080,510001,0,0,0
26630,60257,20160102,51492,20160102,51502,103736836,29593991,0,1509949440,27,0,1073742080,510001,0,0,0
26630,60257,20160102,51552,20160102,51562,103736836,29593991,0,1509949440,27,0,1073742080,510001,0,0,0
26630,60257,20160102,51612,20160102,51619,103736836,29593991,0,1509949440,27,0,1073742080,510001,0,0,0
26630,60257,20160102,51672,20160102,51679,103736836,29593991,0,1509949440,27,0,1073742080,510001,0,0,0
26630,60257,20160102,51732,20160102,51742,103736836,29593991,0,1509949440,27,0,1073742080,510001,0,0,0
26630,60257,20160102,51792,20160102,51801,103736836,29593991,0,1509949440,27,0,1073742080,510001,0,0,0
26630,60257,20160102,51852,20160102,51861,103736836,29593991,0,1509949440,27,0,1073742080,510001,0,0,0
26630,60257,20160102,51912,20160102,51922,103736836,29593991,0,1509949440,27,0,1073742080,510001,0,0,0
26630,60257,20160102,51972,20160102,51982,103736836,29593991,0,1509949440,27,0,1073742080,510001,0,0,0
26630,60257,20160102,52032,20160102,52042,103736836,29593991,0,1509949440,27,0,1073742080,510001,0,0,0
26630,60257,20160102,52092,20160102,52101,103736836,29593991,0,1509949440,27,0,1073742080,510001,0,0,0
26630,60257,20160102,52152,20160102,52161,103736836,29593991,0,1509949440,27,0,1073742080,510001,0,0,0
26630,60257,20160102,52212,20160102,52219,103736836,29593991,0,1509949440,27,0,1073742080,510001,0,0,0
26630,60257,20160102,52272,20160102,52279,103736836,29593991,0,1509949440,27,0,1073742080,510001,0,0,0
26630,60257,20160102,52332,20160102,52342,103736836,29593991,0,1509949440,27,0,1073742080,510001,0,0,0
26630,60257,20160102,52392,20160102,52402,103736836,29593991,0,1509949440,27,0,1073742080,510001,0,0,0
26630,60257,20160102,52452,20160102,52499,103736836,29593991,0,1509949440,27,0,1073742080,510001,0,0,0
26630,60257,20160102,52452,20160102,52500,103736836,29593991,0,1509949440,27,0,1073742080,510001,0,0,0
26630,60257,20160102,52512,20160102,52521,103736836,29593991,0,1509949440,27,0,1073742080,510001,0,0,0
26630,60257,20160102,52572,20160102,52582,103736836,29593991,0,1509949440,27,0,1073742080,510001,0,0,0
26630,60257,20160102,52632,20160102,52642,103736836,29593991,0,1509949440,27,0,1073742080,510001,0,0,0
26630,60257,20160102,52692,20160102,52702,103736836,29593991,0,1509949440,27,0,1073742080,510001,0,0,0
26630,60257,20160102,52752,20160102,52761,103736836,29593991,0,1509949440,27,0,1073742080,510001,0,0,0
26630,60257,20160102,52812,20160102,52819,103736836,29593991,0,1509949440,27,0,1073742080,510001,0,0,0
26630,60257,20160102,52872,20160102,52879,103736836,29593991,0,1509949440,27,0,1073742080,510001,0,0,0
26630,60257,20160102,52932,20160102,52942,103736836,29593991,0,1509949440,27,0,1073742080,510001,0,0,0
26630,60257,20160102,52992,20160102,53002,103736836,29593991,0,1509949440,27,0,1073742080,510001,0,0,0
26630,60257,20160102,53052,20160102,53061,103736836,29593991,0,1509949440,27,0,1073742080,510001,0,0,0
26630,60257,20160102,53112,20160102,53121,103736836,29593991,0,1509949440,27,0,1073742080,510001,0,0,0
26630,60257,20160102,53172,20160102,53181,103736836,29593991,0,1509949440,27,0,1073742080,510001,0,0,0
26630,60257,20160102,53232,20160102,53242,103736836,29593991,0,1509949440,27,0,1073742080,510001,0,0,0
26630,60257,20160102,53292,20160102,53302,103736836,29593991,0,1509949440,27,0,1073742080,510001,0,0,0
26630,60257,20160102,53352,20160102,53362,103736836,29593991,0,1509949440,27,0,1073742080,510001,0,0,0
26630,60257,20160102,53412,20160102,53419,103736836,29593991,0,1509949440,27,0,1073742080,510001,0,0,0
26630,60257,20160102,53472,20160102,53479,103736836,29593991,0,1509949440,27,0,1073742080,510001,0,0,0
26630,60257,20160102,53532,20160102,53541,103736836,29593991,0,1509949440,27,0,1073742080,510001,0,0,0
26630,60257,20160102,53592,20160102,53602,103736836,29593991,0,1509949440,27,0,1073742080,510001,0,0,0
26630,60257,20160102,53652,20160102,53662,103736836,29593991,0,1509949440,27,0,1073742080,510001,0,0,0
26630,60257,20160102,53712,20160102,53721,103736836,29593991,0,1509949440,27,0,1073742080,510001,0,0,0
26630,60257,20160102,53772,20160102,53781,103736836,29593991,0,1509949440,27,0,1073742080,510001,0,0,0
26630,60257,20160102,53832,20160102,53841,103736836,29593991,0,1509949440,27,0,1073742080,510001,0,0,0
26630,60257,20160102,53892,20160102,53901,103736836,29593991,0,1509949440,27,0,1073742080,510001,0,0,0
26630,60257,20160102,53952,20160102,53962,103736836,29593991,0,1509949440,27,0,1073742080,510001,0,0,0
26630,60257,20160102,54012,20160102,54019,103736836,29593991,0,1509949440,27,0,1073742080,510001,0,0,0
26630,60257,20160102,54072,20160102,54079,103736836,29593991,0,1509949440,27,0,1073742080,510001,0,0,0
26630,60257,20160102,54132,20160102,54141,103736836,29593991,0,1509949440,27,0,0,510001,0,0,0
26630,60257,20160102,54192,20160102,54201,103736836,29593991,0,1509949440,27,0,0,510001,0,0,0
26630,60257,20160102,54252,20160102,54262,103736836,29593991,0,1509949440,27,0,0,510001,0,0,0
26630,60257,20160102,54312,20160102,54322,103736836,29593991,0,1509949440,27,0,0,510001,0,0,0
26630,60257,20160102,54372,20160102,54381,103736836,29593991,0,1509949440,27,0,0,510001,0,0,0
26630,60257,20160102,54632,20160104,29658,103736873,29594031,0,1509949440,287,0,1073742080,510001,0,0,0
26630,60257,20160102,54632,20160102,54734,103736873,29594031,0,1509949440,287,0,1073742080,510001,0,0,0
26630,60257,20160102,54632,20160103,52713,103736873,29594031,0,1509949440,287,0,1073742080,510001,0,0,0
26630,60257,20160102,54632,20160102,55577,103736873,29594031,0,1509949440,287,0,1073742080,510001,0,0,0
26630,60257,20160102,54632,20160103,41297,103736873,29594031,0,1509949440,287,0,1073742080,510001,0,0,0
26630,60257,20160102,54632,20160104,27077,103736873,29594031,0,1509949440,287,0,1073742080,510001,0,0,0
26630,60257,20160102,54632,20160103,51018,103736873,29594031,0,1509949440,287,0,1073742080,510001,0,0,0
26630,60257,20160102,54632,20160103,48256,103736873,29594031,0,1509949440,287,0,1073742080,510001,0,0,0
26630,60257,20160102,54692,20160102,54698,103736894,29594198,0,1509949440,24,0,0,510001,0,0,0
26630,60257,20160102,54752,20160102,54762,103736894,29594198,0,1509949440,24,0,0,510001,0,0,0
26630,60257,20160102,54812,20160102,54821,103736894,29594198,0,1509949440,24,0,0,510001,0,0,0
26630,60257,20160102,54872,20160102,54881,103736894,29594198,0,1509949440,24,0,0,510001,0,0,0
26630,60257,20160102,54932,20160102,54941,103736894,29594198,0,1509949440,24,0,0,510001,0,0,0
26630,60257,20160102,55282,20160102,55293,103736894,29594198,0,1509949440,85,0,0,510001,0,0,0
26630,60257,20160102,55483,20160104,29658,103737063,29593976,0,1509949440,125,0,1073742080,510001,0,0,0
26630,60257,20160102,55483,20160103,52714,103737063,29593976,0,1509949440,125,0,1073742080,510001,0,0,0
26630,60257,20160102,55483,20160102,55577,103737063,29593976,0,1509949440,125,0,1073742080,510001,0,0,0
26630,60257,20160102,55483,20160103,41297,103737063,29593976,0,1509949440,125,0,1073742080,510001,0,0,0
26630,60257,20160102,55483,20160104,27077,103737063,29593976,0,1509949440,125,0,1073742080,510001,0,0,0
26630,60257,20160102,55483,20160103,51019,103737063,29593976,0,1509949440,125,0,1073742080,510001,0,0,0
26630,60257,20160102,55483,20160103,48256,103737063,29593976,0,1509949440,125,0,1073742080,510001,0,0,0
26630,60257,20160102,55543,20160102,55552,103737063,29593976,0,1509949440,125,0,1073742080,510001,0,0,0
26630,60257,20160102,55603,20160102,55612,103737063,29593976,0,1509949440,125,0,1073742080,510001,0,0,0
26630,60257,20160102,55663,20160102,55672,103737723,29590144,66,1510015440,157,0,1073742080,510001,0,0,0
26630,60257,20160102,55723,20160102,55732,103739846,29583453,41,1509991440,190,0,1073742080,510001,0,0,0
26630,60257,20160102,55783,20160102,55792,103738254,29578696,47,1509997440,202,0,1073742080,510001,0,0,0
26630,60257,20160102,55843,20160102,55851,103734264,29572344,44,1509995440,227,0,1073742080,510001,0,0,0
26630,60257,20160102,55903,20160102,55910,103727102,29568182,58,1510004440,237,0,1073742080,510001,0,0,0
26630,60257,20160102,55963,20160102,55973,103723611,29562485,38,1509986440,211,0,1073742080,510001,0,0,0
26630,60257,20160102,56023,20160102,56033,103717039,29565198,41,1509987440,256,0,1073742080,510001,0,0,0
26630,60257,20160102,56083,20160102,56093,103709998,29563691,72,1510019440,276,0,1073742080,510001,0,0,0
26630,60257,20160102,56143,20160102,56154,103695496,29564908,88,1510035440,268,0,1073742080,510001,0,0,0
26630,60257,20160102,56203,20160102,56212,103680754,29564536,83,1510032440,270,0,1073742080,510001,0,0,0
26630,60257,20160102,56263,20160102,56273,103666348,29566055,88,1510035440,278,0,1073742080,510001,0,0,0
26630,60257,20160102,56323,20160102,56333,103652365,29569987,77,1510026440,296,0,1073742080,510001,0,0,0
26630,60257,20160102,56383,20160102,56393,103640424,29574922,88,1510035440,287,0,1073742080,510001,0,0,0
26630,60257,20160102,56443,20160102,56450,103625992,29576694,88,1510035440,276,0,1073742080,510001,0,0,0
26630,60257,20160102,56487,20160102,56495,103615430,29578492,85,1510034440,287,0,1073742080,510001,0,0,0
26630,60257,20160102,56503,20160102,56510,103611698,29579694,85,1510034440,290,0,1073742080,510001,0,0,0
26630,60257,20160102,56563,20160102,56573,103597811,29583134,83,1510030440,280,0,1073742080,510001,0,0,0
26630,60257,20160102,56623,20160102,56633,103586254,29590338,0,1510032440,334,0,1073742080,510001,0,0,0
26630,60257,20160102,56683,20160102,56693,103583109,29602893,0,1510034440,350,0,1073742080,510001,0,0,0
26630,60257,20160102,56743,20160102,56753,103583909,29615423,85,1510035440,9,0,1073742080,510001,0,0,0
26630,60257,20160102,56803,20160102,56812,103585489,29628447,88,1510035440,350,0,1073742080,510001,0,0,0
26630,60257,20160102,56863,20160102,56872,103580482,29640489,85,1510034440,342,0,1073742080,510001,0,0,0
26630,60257,20160102,56923,20160102,56933,103578611,29653278,85,1510034440,355,0,1073742080,510001,0,0,0
26630,60257,20160102,56983,20160102,56993,103575981,29665865,83,1510032440,337,0,1073742080,510001,0,0,0
26630,60257,20160102,57043,20160102,57050,103568621,29677044,88,1510035440,329,0,1073742080,510001,0,0,0
26630,60257,20160102,57103,20160102,57110,103559261,29686933,88,1510034440,319,0,1073742080,510001,0,0,0
26630,60257,20160102,57163,20160102,57172,103551850,29697931,83,1510032440,333,0,1073742080,510001,0,0,0
26630,60257,20160102,57223,20160102,57232,103546878,29709750,83,1510032440,351,0,1073742080,510001,0,0,0
26630,60257,20160102,57283,20160102,57293,103546803,29722624,85,1510035440,16,0,1073742080,510001,0,0,0
26630,60257,20160102,57343,20160102,57368,103546139,29734996,85,1510034440,326,0,1073742080,510001,0,0,0
26630,60257,20160102,57523,20160102,57532,103515843,29762533,85,1510034440,291,0,1073742080,510001,0,0,0
26630,60257,20160102,57583,20160102,57592,103502061,29766702,85,1510034440,277,0,1073742080,510001,0,0,0
26630,60257,20160102,57643,20160102,57650,103489023,29771414,85,1510034440,322,0,1073742080,510001,0,0,0
26630,60257,20160102,57703,20160102,57710,103479994,29781444,85,1510034440,303,0,1073742080,510001,0,0,0
26630,60257,20160102,57763,20160102,57772,103468747,29789074,85,1510032440,329,0,1073742080,510001,0,0,0
26630,60257,20160102,57823,20160102,57833,103459933,29799258,85,1510032440,326,0,1073742080,510001,0,0,0
26630,60257,20160102,57883,20160102,57892,103456061,29811588,85,1510034440,344,0,1073742080,510001,0,0,0
26630,60257,20160102,57943,20160102,57952,103445976,29820521,85,1510034440,305,0,1073742080,510001,0,0,0
26630,60257,20160102,58003,20160102,58013,103431699,29824166,88,1510035440,281,0,1073742080,510001,0,0,0
26630,60257,20160102,58063,20160102,58073,103418876,29830086,88,1510034440,297,0,1073742080,510001,0,0,0
26630,60257,20160102,58123,20160102,58132,103405081,29834809,85,1510034440,302,0,1073742080,510001,0,0,0
26630,60257,20160102,58183,20160102,58192,103391469,29838928,83,1510034440,298,0,1073742080,510001,0,0,0
26630,60257,20160102,58243,20160102,58249,103382501,29849034,88,1510035440,345,0,1073742080,510001,0,0,0
26630,60257,20160102,58288,20160102,58295,103377214,29857578,89,1510037440,332,0,1073742080,510001,0,0,0
26630,60257,20160102,58303,20160102,58310,103376279,29860670,83,1510032440,358,0,1073742080,510001,0,0,0
26630,60257,20160102,58363,20160102,58373,103375316,29873042,88,1510034440,328,0,1073742080,510001,0,0,0
26630,60257,20160102,58423,20160102,58432,103364230,29880817,85,1510034440,285,0,1073742080,510001,0,0,0
26630,60257,20160102,58483,20160102,58492,103349933,29881107,85,1510034440,249,0,1073742080,510001,0,0,0
26630,60257,20160102,58543,20160102,58553,103335976,29881582,85,1510035440,298,0,1073742080,510001,0,0,0
26630,60257,20160102,58603,20160102,58621,103322549,29886908,85,1510034440,292,0,1073742080,510001,0,0,0
26630,60257,20160102,58663,20160102,58673,103310211,29882706,88,1510035440,205,0,1073742080,510001,0,0,0
26630,60257,20160102,58723,20160102,58733,103309195,29870122,85,1510034440,181,0,1073742080,510001,0,0,0
26630,60257,20160102,58783,20160102,58792,103304095,29859166,85,1510032440,234,0,1073742080,510001,0,0,0
26630,60257,20160102,58843,20160102,58850,103291301,29853081,83,1510030440,229,0,1073742080,510001,0,0,0
26630,60257,20160102,58903,20160102,58911,103278882,29847574,80,1510028440,272,0,1073742080,510001,0,0,0
26630,60257,20160102,58963,20160102,58973,103264776,29846213,85,1510034440,256,0,1073742080,510001,0,0,0
26630,60257,20160102,59023,20160102,59033,103250088,29844929,83,1510032440,270,0,1073742080,510001,0,0,0
26630,60257,20160102,59083,20160102,59092,103236639,29848738,88,1510035440,308,0,1073742080,510001,0,0,0
26630,60257,20160102,59143,20160102,59152,103223386,29853906,85,1510032440,283,0,1073742080,510001,0,0,0
26630,60257,20160102,59203,20160102,59212,103210225,29859410,83,1510032440,307,0,1073742080,510001,0,0,0
26630,60257,20160102,59263,20160102,59273,103204253,29870687,88,1510035440,341,0,1073742080,510001,0,0,0
26630,60257,20160102,59323,20160102,59333,103203416,29883393,88,1510035440,0,0,1073742080,510001,0,0,0
26630,60257,20160102,59383,20160102,59446,103200928,29896023,83,1510030440,334,0,1073742080,510001,0,0,0
26630,60257,20160102,59383,20160102,59447,103200928,29896023,83,1510030440,334,0,1073742080,510001,0,0,0
26630,60257,20160102,59623,20160102,59632,103159758,29930036,83,1510032440,301,0,1073742080,510001,0,0,0
26630,60257,20160102,59683,20160102,59693,103146969,29934736,80,1510028440,311,0,1073742080,510001,0,0,0
26630,60257,20160102,59803,20160102,59812,103128824,29953836,83,1510032440,298,0,1073742080,510001,0,0,0
26630,60257,20160102,59863,20160102,59872,103120806,29963451,85,1510032440,349,0,1073742080,510001,0,0,0
26630,60257,20160102,59923,20160102,59932,103114498,29974891,88,1510035440,330,0,1073742080,510001,0,0,0
26630,60257,20160102,59983,20160102,59992,103109200,29986729,83,1510030440,344,0,1073742080,510001,0,0,0
26630,60257,20160102,60103,20160102,60110,103097916,30009273,83,1510032440,348,0,1073742080,510001,0,0,0
26630,60257,20160102,60163,20160102,60172,103094506,30021529,88,1510035440,4,0,1073742080,510001,0,0,0
26630,60257,20160102,60223,20160102,60232,103093279,30034344,83,1510034440,353,0,1073742080,510001,0,0,0
26630,60257,20160102,60283,20160102,60293,103092099,30046719,88,1510035440,325,0,1073742080,510001,0,0,0
26630,60257,20160102,60343,20160102,60353,103080951,30054091,63,1510015440,306,0,1073742080,510001,0,0,0
26630,60257,20160102,60403,20160102,60411,103075754,30053150,85,1510034440,256,0,1073742080,510001,0,0,0
26630,60257,20160102,60463,20160102,60472,103063745,30049699,66,1510015440,270,0,1073742080,510001,0,0,0
26630,60257,20160102,60523,20160102,60532,103052255,30047536,74,1510021440,253,0,1073742080,510001,0,0,0
26630,60257,20160102,60583,20160102,60592,103043538,30040814,83,1510030440,205,0,1073742080,510001,0,0,0
26630,60257,20160102,60643,20160102,60650,103032496,30034303,85,1510032440,289,0,1073742080,510001,0,0,0
26630,60257,20160102,60703,20160102,60709,103021676,30032619,83,1510030440,202,0,1073742080,510001,0,0,0
26630,60257,20160102,60763,20160102,60773,103011201,30026072,80,1510030440,209,0,1073742080,510001,0,0,0
26630,60257,20160102,60823,20160102,60833,103002143,30017834,77,1510024440,255,0,1073742080,510001,0,0,0
26630,60257,20160102,60883,20160102,60893,102988351,30017377,80,1510028440,229,0,1073742080,510001,0,0,0
26630,60257,20160102,60943,20160102,60953,102981666,30006895,77,1510024440,202,0,1073742080,510001,0,0,0
26630,60257,20160102,61003,20160102,61013,102975166,30002891,33,1509980440,282,0,1073742080,510001,0,0,0
26630,60257,20160102,61063,20160102,61072,102973659,30002730,8,1509953440,242,0,1073742080,510001,0,0,0
26630,60257,20160102,61123,20160102,61133,102975791,30001486,41,1509989440,108,0,1073742080,510001,0,0,0
26630,60257,20160102,61183,20160102,61193,102981522,29998934,33,1509982440,115,0,1073742080,510001,0,0,0
26630,60257,20160102,61243,20160102,61250,102988038,29997163,27,1509973440,95,0,1073742080,510001,0,0,0
26630,60257,20160102,61288,20160102,61295,102989928,29997694,12,1509963440,50,0,1073742080,510001,0,0,0
26630,60257,20160102,61303,20160102,61310,102989941,29997846,0,1509953440,285,0,1073742080,510001,0,0,0
26630,60257,20160102,61363,20160102,61372,102989591,29997869,0,1509949440,301,0,1073742080,510001,0,0,0
26630,60257,20160102,61423,20160102,61432,102989591,29997869,0,1509949440,301,0,1073742080,510001,0,0,0
26630,60257,20160102,61483,20160102,61493,102989373,29998244,0,1509949440,108,0,1073742080,510001,0,0,0
26630,60257,20160102,61543,20160102,61553,102989373,29998244,0,1509949440,108,0,1073742080,510001,0,0,0
26630,60257,20160102,61603,20160102,61613,102989373,29998244,0,1509949440,108,0,1073742080,510001,0,0,0
26630,60257,20160102,61663,20160102,61672,102989373,29998244,0,1509949440,108,0,1073742080,510001,0,0,0
26630,60257,20160102,61723,20160102,61732,102989373,29998244,0,1509949440,108,0,1073742080,510001,0,0,0
26630,60257,20160102,61783,20160102,61793,102989373,29998244,0,1509949440,108,0,1073742080,510001,0,0,0
26630,60257,20160102,61843,20160102,61850,102989373,29998244,0,1509949440,108,0,0,510001,0,0,0
26630,60257,20160102,61903,20160102,61910,102989373,29998244,0,1509949440,108,0,0,510001,0,0,0
26630,60257,20160102,61963,20160102,61972,102989373,29998244,0,1509949440,108,0,0,510001,0,0,0
26630,60257,20160102,62023,20160102,62032,102989373,29998244,0,1509949440,108,0,0,510001,0,0,0
26630,60257,20160102,62083,20160102,62092,102989373,29998244,0,1509949440,108,0,0,510001,0,0,0
26630,60257,20160102,62446,20160102,62456,102989373,29998244,0,1509949440,79,0,0,510001,0,0,0
26630,60257,20160102,62746,20160102,62758,102989373,29998244,0,1509949440,79,0,0,510001,0,0,0
26630,60257,20160102,63046,20160102,63056,102989373,29998244,0,1509949440,79,0,0,510001,0,0,0
26630,60257,20160102,63346,20160102,63358,102989373,29998244,0,1509949440,0,0,0,510001,0,0,0
26630,60257,20160102,63646,20160102,63656,102989373,29998244,0,1509949440,0,0,0,510001,0,0,0
26630,60257,20160102,63946,20160102,63959,102989373,29998244,0,1509949440,0,0,0,510001,0,0,0
26630,60257,20160102,64246,20160102,64256,102989373,29998244,0,1509949440,0,0,0,510001,0,0,0
26630,60257,20160102,64546,20160102,64558,102989373,29998244,0,1509949440,0,0,0,510001,0,0,0
26630,60257,20160102,64846,20160102,64856,102989373,29998244,0,1509949440,0,0,0,510001,0,0,0
26630,60257,20160102,65146,20160102,65159,102989373,29998244,0,1509949440,0,0,0,510001,0,0,0
26630,60257,20160102,65446,20160102,65456,102989373,29998244,0,1509949440,0,0,0,510001,0,0,0
26630,60257,20160102,65746,20160102,65759,102989373,29998244,0,1509949440,0,0,0,510001,0,0,0
26630,60257,20160102,66046,20160102,66056,102989373,29998244,0,1509949440,0,0,0,510001,0,0,0
26630,60257,20160102,66346,20160102,66359,102989373,29998244,0,1509949440,0,0,0,510001,0,0,0
26630,60257,20160102,66646,20160102,66655,102989373,29998244,0,1509949440,0,0,0,510001,0,0,0
26630,60257,20160102,66946,20160102,66958,102989373,29998244,0,1509949440,0,0,0,510001,0,0,0
26630,60257,20160102,67246,20160102,67256,102989373,29998244,0,1509949440,0,0,0,510001,0,0,0
26630,60257,20160102,67546,20160102,67558,102989373,29998244,0,1509949440,0,0,0,510001,0,0,0
26630,60257,20160102,67846,20160102,67856,102989373,29998244,0,1509949440,0,0,0,510001,0,0,0
26630,60257,20160102,68146,20160102,68159,102989373,29998244,0,1509949440,0,0,0,510001,0,0,0
26630,60257,20160102,68446,20160102,68456,102989373,29998244,0,1509949440,0,0,0,510001,0,0,0
26630,60257,20160102,68746,20160102,68759,102989373,29998244,0,1509949440,0,0,0,510001,0,0,0
26630,60257,20160102,69046,20160102,69055,102989373,29998244,0,1509949440,0,0,0,510001,0,0,0
26630,60257,20160102,69346,20160102,69358,102989373,29998244,0,1509949440,0,0,0,510001,0,0,0
26630,60257,20160102,69646,20160102,69656,102989373,29998244,0,1509949440,0,0,0,510001,0,0,0
26630,60257,20160102,69946,20160102,69958,102989373,29998244,0,1509949440,0,0,0,510001,0,0,0
26630,60257,20160102,70246,20160102,70256,102989373,29998244,0,1509949440,0,0,0,510001,0,0,0
26630,60257,20160102,70546,20160102,70558,102989373,29998244,0,1509949440,0,0,0,510001,0,0,0
26630,60257,20160102,70846,20160102,70856,102989588,29998221,0,1509949440,79,0,0,510001,0,0,0
26630,60257,20160102,71146,20160102,71158,102989588,29998221,0,1509949440,79,0,0,510001,0,0,0
26630,60257,20160102,71446,20160102,71456,102989588,29998221,0,1509949440,79,0,0,510001,0,0,0
26630,60257,20160102,71746,20160102,71759,102989588,29998221,0,1509949440,79,0,0,510001,0,0,0
26630,60257,20160102,72046,20160102,72056,102989588,29998221,0,1509949440,79,0,0,510001,0,0,0
26630,60257,20160102,72346,20160102,72359,102989588,29998221,0,1509949440,79,0,0,510001,0,0,0
26630,60257,20160102,72646,20160102,72656,102989588,29998221,0,1509949440,79,0,0,510001,0,0,0
26630,60257,20160102,72946,20160102,72959,102989588,29998221,0,1509949440,79,0,0,510001,0,0,0
26630,60257,20160102,73246,20160102,73255,102989588,29998221,0,1509949440,79,0,0,510001,0,0,0
26630,60257,20160102,73546,20160102,73559,102989588,29998221,0,1509949440,79,0,0,510001,0,0,0
26630,60257,20160102,73846,20160102,73856,102989588,29998221,0,1509949440,79,0,0,510001,0,0,0
26630,60257,20160102,74146,20160102,74158,102989588,29998221,0,1509949440,79,0,0,510001,0,0,0
26630,60257,20160102,74446,20160102,74456,102989588,29998221,0,1509949440,79,0,0,510001,0,0,0
26630,60257,20160102,74746,20160102,74758,102989588,29998221,0,1509949440,79,0,0,510001,0,0,0
26630,60257,20160102,75046,20160102,75056,102989588,29998221,0,1509949440,79,0,0,510001,0,0,0
26630,60257,20160102,75346,20160102,75360,102989588,29998221,0,1509949440,79,0,0,510001,0,0,0
26630,60257,20160102,75646,20160102,75656,102989588,29998221,0,1509949440,79,0,0,510001,0,0,0
26630,60257,20160102,75946,20160102,75956,102989588,29998221,0,1509949440,79,0,0,510001,0,0,0
26630,60257,20160102,76246,20160102,76256,102989588,29998221,0,1509949440,79,0,0,510001,0,0,0
26630,60257,20160102,76546,20160102,76559,102989588,29998221,0,1509949440,79,0,0,510001,0,0,0
26630,60257,20160102,76846,20160102,76856,102989588,29998221,0,1509949440,79,0,0,510001,0,0,0
26630,60257,20160102,77146,20160102,77159,102989588,29998221,0,1509949440,79,0,0,510001,0,0,0
26630,60257,20160102,77446,20160102,77455,102989588,29998221,0,1509949440,79,0,0,510001,0,0,0
26630,60257,20160102,77746,20160102,77758,102989588,29998221,0,1509949440,79,0,0,510001,0,0,0
26630,60257,20160102,78046,20160102,78056,102989588,29998221,0,1509949440,79,0,0,510001,0,0,0
26630,60257,20160102,78346,20160102,78358,102989588,29998221,0,1509949440,79,0,0,510001,0,0,0
26630,60257,20160102,78646,20160102,78656,102989588,29998221,0,1509949440,79,0,0,510001,0,0,0
26630,60257,20160102,78946,20160102,78958,102989588,29998221,0,1509949440,79,0,0,510001,0,0,0
26630,60257,20160102,79246,20160102,79255,102989588,29998221,0,1207959552,79,0,0,510001,0,0,0
26630,60257,20160102,79546,20160102,79558,102989588,29998221,0,1207959552,79,0,0,510001,0,0,0
26630,60257,20160102,79846,20160102,79856,102989588,29998221,0,1207959552,79,0,0,510001,0,0,0
26630,60257,20160102,80146,20160102,80159,102989588,29998221,0,1207959552,79,0,0,510001,0,0,0
26630,60257,20160102,80446,20160102,80456,102989588,29998221,0,1207959552,79,0,0,510001,0,0,0
26630,60257,20160102,80746,20160102,80759,102989588,29998221,0,1207959552,79,0,0,510001,0,0,0
26630,60257,20160102,81046,20160102,81056,102989588,29998221,0,1207959552,79,0,0,510001,0,0,0
26630,60257,20160102,81346,20160102,81358,102989588,29998221,0,1207959552,79,0,0,510001,0,0,0
26630,60257,20160102,81646,20160102,81656,102989438,29998249,0,1207959552,77,0,0,510001,0,0,0
26630,60257,20160102,81946,20160102,81959,102989438,29998249,0,1207959552,77,0,0,510001,0,0,0
26630,60257,20160102,82246,20160102,82256,102989438,29998249,0,1207959552,77,0,0,510001,0,0,0
26630,60257,20160102,82546,20160102,82558,102989438,29998249,0,1207959552,77,0,0,510001,0,0,0
